Car 565.61 181.09 623.31 228.11 21.27789488383062
Car 33.67 195.6 434.55 374.0 4.607120757314618
Car 321.43 192.1 491.16 307.47 9.421857748987916
Car 182.28 191.06 357.06 281.83 12.353155716908095
Car 352.79 182.17 460.34 229.13 22.515100087874615
Car 381.63 177.25 481.57 223.19 25.351812934225165
Car 427.02 180.55 499.01 211.61 33.02191957630448
Car 522.84 178.72 564.81 208.46 32.0961124320311
Car 459.47 175.24 528.26 201.87 43.06970914297441
Car 778.4 171.3 1086.77 374.0 5.7681367859568065
Car 646.57 180.1 704.12 223.22 23.394433674963995
Car 101.06 184.65 222.95 228.44 27.159637048104827
Car 581.28 176.45 617.58 209.59 33.41000362242272
