Car 543.87 183.75 591.75 221.83 26.522832392674545
Car 0.0 211.64 372.66 374.0 1.8023897500505939
Car 0.0 186.27 220.99 361.9 8.430826557887354
Car 271.83 187.76 423.42 246.77 18.231181152788075
Car 343.6 181.47 455.7 235.8 21.22637351821293
Car 400.62 183.64 496.56 221.13 27.500552951661874
Car 440.0 184.61 511.35 217.21 30.793632328894812
Car 683.62 186.58 822.98 287.86 10.766124915859548
Car 674.66 188.82 754.16 254.16 15.315273814503852
Car 643.24 183.82 714.22 235.91 19.812669741509925
Car 184.05 186.79 274.01 226.36 31.321553060049215
Car 562.29 180.63 598.06 211.43 35.96592946330442
